lat	lon
40.93333	15.5833
40.93333	15.5833
72.58	-38.48
72.58	-38.48
72.58	-38.48
72.58	-38.48
72.58	-38.48
72.58	-38.48
72.58	-38.48
72.58	-38.48
72.58	-38.48
72.58	-38.48
72.58	-38.48
72.58	-38.48
72.58	-38.48
72.58	-38.48
72.58	-38.48
72.58	-38.48
72.58	-38.48
72.58	-38.48
72.58	-38.48
72.58	-38.48
72.58	-38.48
72.58	-38.48
72.58	-38.48
72.58	-38.48
72.58	-38.48
72.58	-38.48
72.58	-38.48
72.58	-38.48
72.58	-38.48
72.58	-38.48
72.58	-38.48
72.58	-38.48
72.58	-38.48
72.58	-38.48
72.58	-38.48
72.58	-38.48
72.58	-38.48
72.58	-38.48
72.58	-38.48
72.58	-38.48
72.58	-38.48
72.58	-38.48
72.58	-38.48
72.58	-38.48
72.58	-38.48
72.58	-38.48
72.58	-38.48
72.58	-38.48
72.58	-38.48
72.58	-38.48
72.58	-38.48
72.58	-38.48
72.58	-38.48
72.58	-38.48
72.58	-38.48
72.58	-38.48
72.58	-38.48
72.58	-38.48
72.58	-38.48
72.58	-38.48
72.58	-38.48
72.58	-38.48
72.58	-38.48
72.58	-38.48
72.58	-38.48
72.58	-38.48
72.58	-38.48
72.58	-38.48
72.58	-38.48
72.58	-38.48
72.58	-38.48
72.58	-38.48
72.58	-38.48
72.58	-38.48
72.58	-38.48
72.58	-38.48
72.58	-38.48
72.58	-38.48
72.58	-38.48
72.58	-38.48
72.58	-38.48
72.58	-38.48
72.58	-38.48
72.58	-38.48
72.58	-38.48
72.58	-38.48
72.58	-38.48
72.58	-38.48
72.58	-38.48
72.58	-38.48
72.58	-38.48
72.58	-38.48
72.58	-38.48
72.58	-38.48
72.58	-38.48
72.58	-38.48
72.58	-38.48
72.58	-38.48
72.58	-38.48
72.58	-38.48
72.58	-38.48
72.58	-38.48
72.58	-38.48
72.58	-38.48
72.58	-38.48
72.58	-38.48
72.58	-38.48
72.58	-38.48
72.58	-38.48
72.58	-38.48
72.58	-38.48
72.58	-38.48
72.58	-38.48
72.58	-38.48
72.58	-38.48
72.58	-38.48
72.58	-38.48
72.58	-38.48
72.58	-38.48
72.58	-38.48
72.58	-38.48
72.58	-38.48
72.58	-38.48
72.58	-38.48
72.58	-38.48
72.58	-38.48
72.58	-38.48
72.58	-38.48
72.58	-38.48
72.58	-38.48
72.58	-38.48
72.58	-38.48
-41.13	7.81
-41.13	7.81
-41.13	7.81
-41.13	7.81
-41.13	7.81
-41.13	7.81
-41.13	7.81
-41.13	7.81
-41.13	7.81
-41.13	7.81
-41.13	7.81
-41.13	7.81
-1.3366	-11.9
-1.3366	-11.9
-1.3366	-11.9
-2.18	-11.25
-2.18	-11.25
-2.18	-11.25
1.367	-33.483
1.367	-33.483
-0.2	-23.15
-0.2	-23.15
26.21028	35.35944
26.21028	35.35944
26.21028	35.35944
26.21028	35.35944
26.21028	35.35944
26.21028	35.35944
26.21028	35.35944
26.21028	35.35944
26.21028	35.35944
70.55	-68.95
70.55	-68.95
70.55	-68.95
69.2281	-50.9267
69.2281	-50.9267
69.2416	-50.0272
69.2416	-50.0272
69.2416	-50.0272
69.2416	-50.0272
69.2416	-50.0272
69.2416	-50.0272
50.42	-74.22972
50.42	-74.22972
50.42	-74.22972
50.42	-74.22972
50.42	-74.22972
50.42	-74.22972
50.42	-74.22972
50.42	-74.22972
50.42	-74.22972
50.42	-74.22972
50.42	-74.22972
50.42	-74.22972
50.42	-74.22972
50.42	-74.22972
50.42	-74.22972
50.42	-74.22972
50.42	-74.22972
50.42	-74.22972
50.42	-74.22972
50.42	-74.22972
50.42	-74.22972
50.42	-74.22972
50.42	-74.22972
50.42	-74.22972
50.42	-74.22972
50.42	-74.22972
50.42	-74.22972
50.42	-74.22972
50.42	-74.22972
50.42	-74.22972
50.42	-74.22972
50.42	-74.22972
50.42	-74.22972
50.42	-74.22972
50.42	-74.22972
-0.01667	46.03833
-20.4	36.33333
-20.4	36.33333
-20.4	36.33333
-20.4	36.33333
-20.4	36.33333
3.18333	50.43333
3.18333	50.43333
13.7	53.25
13.7	53.25
37.76667	-10.18333
37.76667	-10.18333
37.76667	-10.18333
37.76667	-10.18333
37.76667	-10.18333
37.76667	-10.18333
37.76667	-10.18333
41.68194	-124.93
41.68194	-124.93
41.68194	-124.93
41.68194	-124.93
41.68194	-124.93
41.68194	-124.93
41.68194	-124.93
41.68194	-124.93
41.68194	-124.93
41.68194	-124.93
41.68194	-124.93
41.68194	-124.93
41.68194	-124.93
41.68194	-124.93
41.68194	-124.93
41.68194	-124.93
66.5996	-17.5766
66.5996	-17.5766
66.5996	-17.5766
66.5996	-17.5766
66.5996	-17.5766
66.5996	-17.5766
66.5996	-17.5766
66.5996	-17.5766
66.5996	-17.5766
66.5996	-17.5766
66.5996	-17.5766
66.5996	-17.5766
66.5996	-17.5766
66.5996	-17.5766
66.5996	-17.5766
66.5996	-17.5766
66.5996	-17.5766
66.5996	-17.5766
66.5996	-17.5766
66.5996	-17.5766
7.85583	-83.60833
7.85583	-83.60833
7.85583	-83.60833
7.85583	-83.60833
7.85583	-83.60833
7.85583	-83.60833
7.85583	-83.60833
7.85583	-83.60833
7.85583	-83.60833
7.85583	-83.60833
7.85583	-83.60833
7.85583	-83.60833
7.85583	-83.60694
7.85583	-83.60694
7.85583	-83.60694
7.85583	-83.60694
7.85583	-83.60694
7.85583	-83.60694
2.7123	36.537
2.7123	36.537
2.7123	36.537
2.7123	36.537
2.7123	36.537
2.7123	36.537
2.7123	36.537
2.7123	36.537
2.7123	36.537
2.7123	36.537
2.7123	36.537
2.7123	36.537
-3.749167	-81.134167
-3.749167	-81.134167
-3.749167	-81.134167
-3.749167	-81.134167
-3.749167	-81.134167
-3.749167	-81.134167
-3.749167	-81.134167
-3.749167	-81.134167
-3.749167	-81.134167
-3.749167	-81.134167
-3.749167	-81.134167
-3.749167	-81.134167
-3.749167	-81.134167
-3.749167	-81.134167
-3.749167	-81.134167
-3.749167	-81.134167
-3.749167	-81.134167
-3.749167	-81.134167
-3.749167	-81.134167
-3.749167	-81.134167
-3.749167	-81.134167
-3.749167	-81.134167
-3.749167	-81.134167
-3.749167	-81.134167
-3.749167	-81.134167
-3.749167	-81.134167
-3.749167	-81.134167
-3.749167	-81.134167
-3.749167	-81.134167
-3.749167	-81.134167
-3.749167	-81.134167
-3.749167	-81.134167
-3.749167	-81.134167
-3.749167	-81.134167
-3.749167	-81.134167
-3.749167	-81.134167
-3.749167	-81.134167
-3.749167	-81.134167
-3.749167	-81.134167
-3.749167	-81.134167
-3.749167	-81.134167
-3.749167	-81.134167
-3.749167	-81.134167
-3.749167	-81.134167
-3.749167	-81.134167
-3.749167	-81.134167
-3.749167	-81.134167
-3.749167	-81.134167
-3.749167	-81.134167
-3.749167	-81.134167
-3.749167	-81.134167
-3.749167	-81.134167
-3.749167	-81.134167
-3.749167	-81.134167
-3.749167	-81.134167
-3.749167	-81.134167
-3.749167	-81.134167
-3.749167	-81.134167
-3.749167	-81.134167
-3.749167	-81.134167
-3.749167	-81.134167
-3.749167	-81.134167
-3.749167	-81.134167
-3.749167	-81.134167
-3.749167	-81.134167
-3.749167	-81.134167
-3.749167	-81.134167
-3.749167	-81.134167
-3.749167	-81.134167
-3.749167	-81.134167
-3.749167	-81.134167
-3.749167	-81.134167
-3.749167	-81.134167
-3.749167	-81.134167
-3.749167	-81.134167
-3.749167	-81.134167
-3.749167	-81.134167
-3.749167	-81.134167
-3.749167	-81.134167
-3.986	-81.308667
-3.986	-81.308667
-3.986	-81.308667
-3.986	-81.308667
36.14333	-2.62167
36.14333	-2.62167
36.14333	-2.62167
36.14333	-2.62167
36.14333	-2.62167
36.14333	-2.62167
36.14333	-2.62167
36.14333	-2.62167
36.14333	-2.62167
36.14333	-2.62167
36.14333	-2.62167
36.14333	-2.62167
36.14333	-2.62167
36.14333	-2.62167
36.14333	-2.62167
36.14333	-2.62167
36.14333	-2.62167
36.14333	-2.62167
38.26167	14.03
38.41167	13.57667
38.41167	13.57667
38.41167	13.57667
38.41167	13.57667
38.41167	13.57667
38.41167	13.57667
36.38	-7.07667
36.38	-7.07667
36.38	-7.07667
36.38	-7.07667
36.38	-7.07667
36.38	-7.07667
-36.73333	136.55
-36.73333	136.55
-36.73333	136.55
-36.73333	136.55
-36.73333	136.55
61.43333	-24.08333
61.43333	-24.08333
61.43333	-24.08333
61.43333	-24.08333
61.43333	-24.08333
61.43333	-24.08333
61.43333	-24.08333
61.43333	-24.08333
61.43333	-24.08333
61.43333	-24.08333
61.43333	-24.08333
61.43333	-24.08333
61.43333	-24.08333
61.43333	-24.08333
61.43333	-24.08333
61.43333	-24.08333
61.43333	-24.08333
61.43333	-24.08333
61.43333	-24.08333
61.43333	-24.08333
61.37416667	-143.5988333
61.37416667	-143.5988333
61.37416667	-143.5988333
61.37416667	-143.5988333
61.37416667	-143.5988333
61.37416667	-143.5988333
61.37416667	-143.5988333
61.37416667	-143.5988333
61.37416667	-143.5988333
61.37416667	-143.5988333
61.37416667	-143.5988333
61.37416667	-143.5988333
61.37416667	-143.5988333
61.37416667	-143.5988333
61.37416667	-143.5988333
61.37416667	-143.5988333
61.9	-145.6833333
61.9	-145.6833333
61.9	-145.6833333
61.9	-145.6833333
61.9	-145.6833333
61.9	-145.6833333
61.9	-145.6833333
61.9	-145.6833333
61.9	-145.6833333
61.9	-145.6833333
61.9	-145.6833333
61.9	-145.6833333
61.9	-145.6833333
61.9	-145.6833333
61.9	-145.6833333
66.06666667	-145.4
66.06666667	-145.4
66.06666667	-145.4
66.06666667	-145.4
66.06666667	-145.4
66.06666667	-145.4
66.06666667	-145.4
66.06666667	-145.4
66.06666667	-145.4
66.06666667	-145.4
66.06666667	-145.4
66.06666667	-145.4
66.06666667	-145.4
66.06666667	-145.4
66.06666667	-145.4
66.06666667	-145.4
66.06666667	-145.4
66.06666667	-145.4
66.06666667	-145.4
66.06666667	-145.4
66.06666667	-145.4
66.06666667	-145.4
66.06666667	-145.4
66.06666667	-145.4
66.06666667	-145.4
66.06666667	-145.4
66.06666667	-145.4
66.06666667	-145.4
60.71666667	-150.8
60.71666667	-150.8
60.71666667	-150.8
60.71666667	-150.8
19.45	116.2666667
-56.66666667	160.2333333
-56.66666667	160.2333333
-56.66666667	160.2333333
-56.66666667	160.2333333
-66.77	112.807
-66.77	112.807
-1.85	-82.78666667
-1.85	-82.78666667
-1.85	-82.78666667
-1.85	-82.78666667
-1.85	-82.78666667
7.855833333	-83.60833333
7.855833333	-83.60833333
7.855833333	-83.60833333
2.258333333	-90.95166667
2.258333333	-90.95166667
0.515	-92.39833333
0.515	-92.39833333
0.515	-92.39833333
-3.618666667	-83.97066667
-3.618666667	-83.97066667
-3.618666667	-83.97066667
-3.618666667	-83.97066667
0.021666667	-86.463
0.021666667	-86.463
0.021666667	-86.463
0.021666667	-86.463
-1.853333333	-82.78666667
-1.853333333	-82.78666667
-1.853333333	-82.78666667
-1.853333333	-82.78666667
-1.853333333	-82.78666667
2.258333333	-90.95166667
-3.618666667	-83.97066667
-3.618666667	-83.97066667
-3.618666667	-83.97066667
-3.618666667	-83.97066667
0.021667	-86.463
0.021667	-86.463
0.021667	-86.463
-1.8533	-82.7867
-1.8533	-82.7867
-1.8533	-82.7867
-1.8533	-82.7867
-1.8533	-82.7867
7.85583	-83.60833
7.85583	-83.60833
7.85583	-83.60833
7.85583	-83.60833
5.5572	172.3443
-34.71	17.338333
-34.71	17.338333
-34.71	17.338333
-34.71	17.338333
-0.672	-82.081
-25.51389	13.02778
-25.51389	13.02778
-25.51389	13.02778
-25.51389	13.02778
-25.51389	13.02778
-25.51389	13.02778
-25.51389	13.02778
-25.51389	13.02778
-25.51389	13.02778
-25.51389	13.02778
-25.51389	13.02778
-25.51389	13.02778
-25.51389	13.02778
-25.51389	13.02778
-25.51389	13.02778
-25.51389	13.02778
-25.51389	13.02778
42.98883333	10.89716667
42.98883333	10.89716667
42.98883333	10.89716667
42.98883333	10.89716667
42.98883333	10.89716667
42.98883333	10.89716667
42.98883333	10.89716667
42.98883333	10.89716667
42.98883333	10.89716667
42.98883333	10.89716667
42.98883333	10.89716667
42.98883333	10.89716667
42.98883333	10.89716667
42.98883333	10.89716667
42.98883333	10.89716667
42.98883333	10.89716667
42.98883333	10.89716667
42.98883333	10.89716667
42.98883333	10.89716667
42.98883333	10.89716667
42.98883333	10.89716667
42.98883333	10.89716667
42.98883333	10.89716667
42.98883333	10.89716667
42.98883333	10.89716667
-9.00991	120.01528
-9.00991	120.01528
-9.00991	120.01528
-9.00991	120.01528
-9.00991	120.01528
-9.00991	120.01528
-9.00991	120.01528
-9.00991	120.01528
-9.00991	120.01528
-9.00991	120.01528
-9.00991	120.01528
-9.00991	120.01528
-9.00991	120.01528
-9.00991	120.01528
-9.00991	120.01528
-9.00991	120.01528
-9.00991	120.01528
-9.00991	120.01528
-9.00991	120.01528
-9.00991	120.01528
-9.00991	120.01528
-9.00991	120.01528
46.31667	152.5333
46.31667	152.5333
46.31667	152.5333
46.31667	152.5333
46.31667	152.5333
46.31667	152.5333
46.31667	152.5333
46.31667	152.5333
46.31667	152.5333
46.31667	152.5333
46.31667	152.5333
46.31667	152.5333
46.31667	152.5333
46.31667	152.5333
46.31667	152.5333
46.31667	152.5333
46.31667	152.5333
46.31667	152.5333
46.31667	152.5333
46.31667	152.5333
46.31667	152.5333
46.31667	152.5333
46.31667	152.5333
46.31667	152.5333
46.31667	152.5333
46.31667	152.5333
46.31667	152.5333
46.31667	152.5333
49.36667	153.0167
49.36667	153.0167
49.36667	153.0167
49.36667	153.0167
49.36667	153.0167
49.36667	153.0167
49.36667	153.0167
40	165.0667
40	165.0667
37.75	162.7167
44.78333	170.1667
44.78333	170.1667
44.5275	145.0042
44.5275	145.0042
44.5275	145.0042
44.5275	145.0042
44.5275	145.0042
44.5275	145.0042
44.5275	145.0042
44.5275	145.0042
44.5275	145.0042
44.5275	145.0042
44.5275	145.0042
44.5275	145.0042
44.5275	145.0042
44.5275	145.0042
44.5275	145.0042
44.5275	145.0042
44.5275	145.0042
44.5275	145.0042
44.5275	145.0042
44.5275	145.0042
44.5275	145.0042
44.5275	145.0042
44.5275	145.0042
44.5275	145.0042
22.98389	-109.4667
22.98389	-109.4667
22.98389	-109.4667
32.28278	-118.3836
32.28278	-118.3836
32.28278	-118.3836
41.00083	-126.4336
-1.3902	-11.7392
-3.095783333	-90.81798333
19.4567	116.2729167
-1.3902	-11.7392
-3.095783333	-90.81798333
19.4567	116.2729167
37.8815	-10.1762
37.8815	-10.1762
37.8815	-10.1762
37.8815	-10.1762
37.8815	-10.1762
37.8815	-10.1762
37.8815	-10.1762
37.8815	-10.1762
37.8815	-10.1762
37.8815	-10.1762
37.8815	-10.1762
36.8112	100.137
36.8112	100.137
36.8112	100.137
36.8112	100.137
36.8112	100.137
36.8112	100.137
36.8112	100.137
36.8112	100.137
36.8112	100.137
36.8112	100.137
36.8112	100.137
36.8112	100.137
-42.18333	94.883333
-42.18333	94.883333
50	-23.73333333
50	-23.73333333
37.05833333	134.71
36.02	141.78
36.02	141.78
36.02	141.78
36.02	141.78
36.02	141.78
36.02	141.78
36.02	141.78
36.02	141.78
36.02	141.78
36.02	141.78
36.02	141.78
36.02	141.78
36.02	141.78
36.02	141.78
36.02	141.78
36.02	141.78
36.02	141.78
36.02	141.78
36.02	141.78
36.02	141.78
36.02	141.78
36.02	141.78
36.02	141.78
36.02	141.78
36.02	141.78
66.55	-17.42
66.55	-17.42
66.55	-17.42
66.55	-17.42
66.55	-17.42
66.55	-17.42
66.55	-17.42
66.55	-17.42
66.55	-17.42
66.55	-17.42
66.55	-17.42
66.55	-17.42
66.55	-17.42
66.55	-17.42
66.55	-17.42
66.55	-17.42
66.55	-17.42
66.55	-17.42
66.55	-17.42
66.55	-17.42
66.55	-17.42
66.55	-17.42
66.55	-17.42
66.55	-17.42
66.55	-17.42
66.55	-17.42
66.55	-17.42
66.55	-17.42
66.55	-17.42
66.55	-17.42
66.55	-17.42
66.55	-17.42
66.55	-17.42
66.55	-17.42
66.55	-17.42
66.55	-17.42
66.55	-17.42
66.55	-17.42
66.55	-17.42
66.55	-17.42
66.55	-17.42
66.55	-17.42
66.55	-17.42
66.55	-17.42
66.55	-17.42
-11.29389	34.43722
-11.29389	34.43722
-11.29389	34.43722
-11.29389	34.43722
-11.29389	34.43722
-11.29389	34.43722
-78.47	106.8
-78.47	106.8
-78.47	106.8
-78.47	106.8
-78.47	106.8
-78.47	106.8
-78.47	106.8
-78.47	106.8
-78.47	106.8
-78.47	106.8
-78.47	106.8
-78.47	106.8
-78.47	106.8
-78.47	106.8
-78.47	106.8
-78.47	106.8
-78.47	106.8
-78.47	106.8
-78.47	106.8
-78.47	106.8
-78.47	106.8
-78.47	106.8
-78.47	106.8
-78.47	106.8
-78.47	106.8
-78.47	106.8
-78.47	106.8
-78.47	106.8
-78.47	106.8
-78.47	106.8
-78.47	106.8
-78.47	106.8
-78.47	106.8
-78.47	106.8
-78.47	106.8
-78.47	106.8
-78.47	106.8
-78.47	106.8
-78.47	106.8
-78.47	106.8
-78.47	106.8
-78.47	106.8
-78.47	106.8
-78.47	106.8
66.6255	-23.85266667
66.6255	-23.85266667
66.6255	-23.85266667
66.6255	-23.85266667
66.6255	-23.85266667
66.6255	-23.85266667
66.6255	-23.85266667
66.6255	-23.85266667
66.6255	-23.85266667
66.6255	-23.85266667
66.6255	-23.85266667
66.6255	-23.85266667
66.6255	-23.85266667
66.6255	-23.85266667
66.6255	-23.85266667
66.6255	-23.85266667
66.6255	-23.85266667
66.6255	-23.85266667
66.6255	-23.85266667
66.6255	-23.85266667
66.6255	-23.85266667
66.6255	-23.85266667
66.6255	-23.85266667
66.6255	-23.85266667
66.6255	-23.85266667
66.6255	-23.85266667
66.6255	-23.85266667
66.6255	-23.85266667
66.6255	-23.85266667
66.6255	-23.85266667
66.6255	-23.85266667
66.6255	-23.85266667
66.6255	-23.85266667
66.6255	-23.85266667
66.6255	-23.85266667
-41.00028	-74.44972
-41.00028	-74.44972
-41.00028	-74.44972
-41.00028	-74.44972
-41.00028	-74.44972
43.48328333	-54.8664
43.48328333	-54.8664
43.48328333	-54.8664
43.48328333	-54.8664
43.48328333	-54.8664
43.48328333	-54.8664
43.48328333	-54.8664
43.48328333	-54.8664
43.48328333	-54.8664
43.48328333	-54.8664
43.48328333	-54.8664
43.48328333	-54.8664
43.48328333	-54.8664
43.48328333	-54.8664
43.48328333	-54.8664
43.48328333	-54.8664
43.48328333	-54.8664
43.48328333	-54.8664
43.48328333	-54.8664
43.48328333	-54.8664
43.48328333	-54.8664
43.48328333	-54.8664
43.48328333	-54.8664
6.45	125.83
6.45	125.83
6.45	125.83
6.45	125.83
6.45	125.83
6.45	125.83
6.45	125.83
6.45	125.83
6.45	125.83
6.45	125.83
6.45	125.83
6.45	125.83
6.45	125.83
6.45	125.83
6.45	125.83
6.45	125.83
6.45	125.83
6.45	125.83
6.45	125.83
6.45	125.83
6.45	125.83
6.45	125.83
6.45	125.83
6.45	125.83
6.45	125.83
6.45	125.83
6.45	125.83
6.45	125.83
6.45	125.83
6.45	125.83
6.45	125.83
6.45	125.83
6.45	125.83
6.45	125.83
6.45	125.83
6.45	125.83
6.45	125.83
6.45	125.83
6.45	125.83
6.45	125.83
6.45	125.83
6.45	125.83
6.45	125.83
6.45	125.83
6.45	125.83
6.45	125.83
6.45	125.83
6.45	125.83
6.45	125.83
6.45	125.83
6.45	125.83
9.23333	109.3833
9.23333	109.3833
9.23333	109.3833
9.23333	109.3833
9.23333	109.3833
5.65	110.65
5.65	110.65
5.65	110.65
5.65	110.65
5.65	110.65
0.02167	-86.46333
0.02167	-86.46333
0.02167	-86.46333
0.02167	-86.46333
-17.15833	11.00833
-17.15833	11.00833
-17.15833	11.00833
-17.15833	11.00833
-17.15833	11.00833
-17.15833	11.00833
-17.15833	11.00833
-17.15833	11.00833
-17.15833	11.00833
-32.75	-72.03333333
-32.75	-72.03333333
-32.75	-72.03333333
-32.75	-72.03333333
-11.92	13.4
-11.92	13.4
-11.92	13.4
-11.92	13.4
-11.92	13.4
-11.92	13.4
-1.52	-85.82
-1.52	-85.82
-1.52	-85.82
-0.47	-82.07
-0.47	-82.07
-0.47	-82.07
-2.37	-84.65
-2.37	-84.65
-2.37	-84.65
-2.37	-84.65
-3.38	-83.52
-3.38	-83.52
-3.38	-83.52
-1.22	-89.68
-1.22	-89.68
-1.22	-89.68
-1.22	-89.68
-1.22	-89.68
-1.2167	-89.6833
-1.2167	-89.6833
-1.2167	-89.6833
-1.2167	-89.6833
-1.2167	-89.6833
34.168	-80.7767
34.168	-80.7767
34.168	-80.7767
34.168	-80.7767
34.168	-80.7767
34.168	-80.7767
34.168	-80.7767
34.168	-80.7767
34.168	-80.7767
68.35	-138.35
68.35	-138.35
68.35	-138.35
68.35	-138.35
68.35	-138.35
68.35	-138.35
68.35	-138.35
68.35	-138.35
68.35	-138.35
68.35	-138.35
68.35	-138.35
63.44833333	-162.105
68.44333333	-159.1686667
68.44333333	-159.1686667
68.44333333	-159.1686667
-41	-74.45
-41	-74.45
-41	-74.45
-41	-74.45
-41	-74.45
-41	-74.45
-41	-74.45
-41	-74.45
-41	-74.45
-41	-74.45
-41	-74.45
-41	-74.45
-41	-74.45
-41	-74.45
-41	-74.45
-41	-74.45
-41	-74.45
-41	-74.45
-41	-74.45
-41	-74.45
-41	-74.45
-41	-74.45
-41	-74.45
-41	-74.45
-41	-74.45
68.33333333	19.1
68.33333333	19.1
68.33333333	19.1
68.33333333	19.1
68.33333333	19.1
68.33333333	19.1
68.33333333	19.1
68.33333333	19.1
68.33333333	19.1
68.33333333	19.1
68.33333333	19.1
68.33333333	19.1
68.33333333	19.1
68.33333333	19.1
68.33333333	19.1
68.36666667	19.11666667
68.36666667	19.11666667
68.36666667	19.11666667
68.36666667	19.11666667
68.36666667	19.11666667
68.36666667	19.11666667
68.36666667	19.11666667
68.36666667	19.11666667
68.36666667	19.11666667
68.36666667	19.11666667
68.36666667	19.11666667
68.36666667	19.11666667
68.36666667	19.11666667
68.36666667	19.11666667
68.36666667	19.11666667
68.36666667	19.11666667
68.36666667	19.11666667
68.36666667	19.11666667
68.36666667	19.11666667
68.36666667	19.11666667
68.36666667	19.11666667
68.36666667	18.7
68.36666667	18.7
68.36666667	18.7
68.36666667	18.7
68.36666667	18.7
68.36666667	18.7
68.36666667	18.7
-16.63333333	146.3
-16.63333333	146.3
-16.63333333	146.3
-3.095	-90.81833
57.50139	-15.8675
0.31778	159.357
0.31778	159.357
2.255	-90.95111
10.7	-65.94167
10.7	-65.94167
10.7	-65.94167
10.7	-65.94167
10.7	-65.94167
10.7	-65.94167
10.7	-65.94167
2.255	-90.95111
2.255	-90.95111
0.51667	-92.4
0.51667	-92.4
0.51667	-92.4
0.51667	-92.4
0.51667	-92.4
0.51667	-92.4
8.20556	-84.12194
8.20556	-84.12194
8.20556	-84.12194
8.20556	-84.12194
8.20556	-84.12194
8.20556	-84.12194
18.836	116.566
18.835	116.565
-7.4	115.2
-7.4	115.2
-7.4	115.2
-7.4	115.2
-7.4	115.2
-7.4	115.2
-7.4	115.2
-7.4	115.2
-7.4	115.2
-7.4	115.2
-7.4	115.2
-7.4	115.2
-7.4	115.2
-7.4	115.2
-7.4	115.2
-7.4	115.2
-7.4	115.2
-7.4	115.2
-7.4	115.2
-7.4	115.2
-7.4	115.2
-7.4	115.2
-7.4	115.2
-7.4	115.2
-7.4	115.2
-7.4	115.2
-7.4	115.2
-7.4	115.2
-7.4	115.2
-7.4	115.2
-7.4	115.2
-7.4	115.2
-7.4	115.2
-7.4	115.2
-7.4	115.2
-7.4	115.2
-7.4	115.2
-7.4	115.2
-7.4	115.2
-7.4	115.2
-3.566666667	119.3833333
-3.566666667	119.3833333
-3.566666667	119.3833333
-3.566666667	119.3833333
-3.566666667	119.3833333
-3.566666667	119.3833333
-3.566666667	119.3833333
-3.566666667	119.3833333
-3.566666667	119.3833333
-3.566666667	119.3833333
-3.566666667	119.3833333
-3.566666667	119.3833333
-3.566666667	119.3833333
-3.566666667	119.3833333
-3.566666667	119.3833333
-3.566666667	119.3833333
-3.566666667	119.3833333
-3.566666667	119.3833333
-3.566666667	119.3833333
-3.566666667	119.3833333
-3.566666667	119.3833333
-3.566666667	119.3833333
-3.095	-90.81833
0.0833	37.5333
0.0833	37.5333
0.0833	37.5333
0.0833	37.5333
0.0833	37.5333
25.2	-112.7
25.2	-112.7
25.2	-112.7
25.2	-112.7
25.2	-112.7
25.2	-112.7
25.2	-112.7
25.2	-112.7
25.2	-112.7
25.2	-112.7
25.2	-112.7
25.2	-112.7
25.2	-112.7
25.2	-112.7
25.2	-112.7
25.2	-112.7
25.2	-112.7
25.2	-112.7
25.2	-112.7
25.2	-112.7
25.2	-112.7
25.2	-112.7
25.2	-112.7
25.2	-112.7
25.2	-112.7
25.2	-112.7
25.2	-112.7
25.2	-112.7
25.2	-112.7
25.2	-112.7
25.2	-112.7
25.2	-112.7
25.2	-112.7
25.2	-112.7
25.2	-112.7
25.2	-112.7
25.2	-112.7
25.2	-112.7
25.2	-112.7
25.2	-112.7
25.2	-112.7
25.2	-112.7
25.2	-112.7
25.2	-112.7
-42.91333333	8.973333333
-43.51667	79.86667
-43.51667	79.86667
27.4835	-112.0741
27.4835	-112.0741
27.4835	-112.0741
27.4835	-112.0741
27.4835	-112.0741
27.4835	-112.0741
27.4835	-112.0741
27.4835	-112.0741
27.4835	-112.0741
0.318333333	159.3616667
0.318333333	159.3616667
67.49966667	172.1038333
67.49966667	172.1038333
-5.9375	103.246
-5.9375	103.246
-5.9375	103.246
-1.4945	100.128
-1.4945	100.128
-1.4945	100.128
-5.9375	103.246
-5.9375	103.246
-5.9375	103.246
-5.9375	103.246
-5.9375	103.246
-5.9375	103.246
-5.9375	103.246
-0.7833	99.9
-0.7833	99.9
-0.7833	99.9
-0.7833	99.9
-0.7833	99.9
-0.7833	99.9
-0.7833	99.9
-0.7833	99.9
-0.7833	99.9
-0.7833	99.9
-0.7833	99.9
-0.7833	99.9
-0.7833	99.9
-0.7833	99.9
-0.7833	99.9
-0.7833	99.9
-0.7833	99.9
-0.7833	99.9
-0.7833	99.9
-0.7833	99.9
-0.7833	99.9
-0.7833	99.9
-0.7833	99.9
-0.7833	99.9
-0.7833	99.9
-0.7833	99.9
-0.7833	99.9
-0.7833	99.9
-0.7833	99.9
3.5167	96.3167
3.5167	96.3167
3.5167	96.3167
3.5167	96.3167
3.5167	96.3167
3.5167	96.3167
66.2295	-23.2655
66.2295	-23.2655
66.2295	-23.2655
66.2295	-23.2655
66.2295	-23.2655
66.2295	-23.2655
66.2295	-23.2655
66.2295	-23.2655
66.2295	-23.2655
66.2295	-23.2655
66.2295	-23.2655
66.2295	-23.2655
66.2295	-23.2655
66.2295	-23.2655
66.2295	-23.2655
66.2295	-23.2655
66.2295	-23.2655
66.2295	-23.2655
66.2295	-23.2655
66.2295	-23.2655
66.2295	-23.2655
66.2295	-23.2655
66.2295	-23.2655
66.2295	-23.2655
66.2295	-23.2655
43.8708	-64.9271
43.8708	-64.9271
43.8708	-64.9271
43.8708	-64.9271
43.8708	-64.9271
43.8708	-64.9271
43.8708	-64.9271
43.8708	-64.9271
-50	6
-50	6
-50	6
-50	6
-50	6
-50	6
-50	6
-50	6
-50	6
-50	6
-50	6
-50	6
-50	6
-50	6
-50	6
-50	6
-50	6
-50	6
-50	6
-50	6
-50	6
-50	6
-50	6
-50	6
-50	6
-50	6
-50	6
-50	6
-50	6
-50	6
-50	6
-50	6
-50	6
-50	6
-50	6
-50	6
-50	6
-50	6
-50	6
-50	6
-50	6
-50	6
-50	6
-50	6
-50	6
-50	6
-50	6
-50	6
-50	6
-50	6
-50	6
-50	6
-50	6
-50	6
-50	6
-50	6
-50	6
-50	6
-50	6
-50	6
-50	6
-50	6
-50	6
-50	6
-50	6
-50	6
-50	6
-50	6
-50	6
-50	6
-50	6
-50	6
-50	6
-50	6
-50	6
-50	6
-50	6
-50	6
-50	6
-50	6
-50	6
-50	6
-50	6
-50	6
-50	6
-50	6
-50	6
-50	6
-50	6
-50	6
-50	6
-50	6
-50	6
-50	6
-50	6
-50	6
46.5507	8.7139
46.5507	8.7139
46.5507	8.7139
-5.77	-10.745
-43.95972	49.92833
-43.95975	49.92826667
29.00167	-87.11889
29.00167	-87.11889
29.00167	-87.11889
29.00167	-87.11889
29.00167	-87.11889
29.00167	-87.11889
29.00167	-87.11889
29.00167	-87.11889
29.00167	-87.11889
36.76667	142.2167
36.76667	142.2167
36.76667	142.2167
42.45	144.3167
42.45	144.3167
42.45	144.3167
42.45	144.3167
42.45	144.3167
42.45	144.3167
38.88333	143.3667
38.88333	143.3667
38.88333	143.3667
38.88333	143.3667
38.88333	143.3667
41.11667	143.5167
41.11667	143.5167
41.11667	143.5167
41.11667	143.5167
41.11667	143.5167
36.01667	141.7833
36.01667	141.7833
36.01667	141.7833
36.01667	141.7833
36.01667	141.7833
36.01667	141.7833
36.01667	141.7833
36.01667	141.7833
19.58333	117.6333
19.58333	117.6333
19.58333	117.6333
19.58	117.63
19.58	117.63
19.58	117.63
-45.53444	174.9308
-45.53444	174.9308
-45.53444	174.9308
-45.53444	174.9308
-45.53444	174.9308
-45.53444	174.9308
-45.53444	174.9308
-45.53444	174.9308
-45.53444	174.9308
-45.53444	174.9308
-45.53444	174.9308
-45.53444	174.9308
-45.53444	174.9308
-45.53444	174.9308
-45.53444	174.9308
-45.53444	174.9308
-45.53444	174.9308
-45.53444	174.9308
-40.38	177.99
-40.38	177.99
-40.38	177.99
-40.38	177.99
-40.38	177.99
-40.38	177.99
-40.38	177.99
-40.38	177.99
-40.38	177.99
-40.38	177.99
-40.38	177.99
-40.38	177.99
-40.38	177.99
-40.38	177.99
-40.38	177.99
-40.38	177.99
-40.38	177.99
-40.38	177.99
-40.38	177.99
-40.38	177.99
-40.38	177.99
-40.38	177.99
-40.38	177.99
-40.38	177.99
-40.38	177.99
-40.38	177.99
4.6665	-77.96333333
4.6665	-77.96333333
4.6665	-77.96333333
4.6665	-77.96333333
4.6665	-77.96333333
4.6665	-77.96333333
4.6665	-77.96333333
4.6665	-77.96333333
-78.46	106.84
-78.46	106.84
-78.46	106.84
-78.46	106.84
-78.46	106.84
-78.46	106.84
-78.46	106.84
-78.46	106.84
-78.46	106.84
-78.46	106.84
-78.46	106.84
-78.46	106.84
-78.46	106.84
-78.46	106.84
-78.46	106.84
-78.46	106.84
-78.46	106.84
-78.46	106.84
-78.46	106.84
-78.46	106.84
-78.46	106.84
-78.46	106.84
-78.46	106.84
-78.46	106.84
-78.46	106.84
-78.46	106.84
-78.46	106.84
-78.46	106.84
-78.46	106.84
-78.46	106.84
-78.46	106.84
-78.46	106.84
-78.46	106.84
-78.46	106.84
-78.46	106.84
-78.46	106.84
-78.46	106.84
-78.46	106.84
-78.46	106.84
-78.46	106.84
0	-96
3.2	-101.4333
-1.38333	-104.5
-3.56667	-83.21667
0.03333	-110.4833
0.1	-86.48333
-16.45	-77.56667
-6.6333	-106.95
-10.12083333	34.27416667
-10.12083333	34.27416667
-10.12083333	34.27416667
-10.12083333	34.27416667
59.555	-144.1535
59.555	-144.1535
59.555	-144.1535
59.555	-144.1535
59.555	-144.1535
59.555	-144.1535
59.555	-144.1535
59.555	-144.1535
59.555	-144.1535
59.555	-144.1535
59.555	-144.1535
56.96	-136.43
58.87	-137.1
58.87	-137.1
58.87	-137.1
58.87	-137.1
58.87	-137.1
58.87	-137.1
42.54167	-127.6783
42.54167	-127.6783
8.78333	121.2833
8.78333	121.2833
8.78333	121.2833
8.78333	121.2833
8.78333	121.2833
8.78333	121.2833
8.78333	121.2833
8.78333	121.2833
8.78333	121.2833
8.78333	121.2833
8.78333	121.2833
8.78333	121.2833
8.78333	121.2833
8.78333	121.2833
8.78333	121.2833
8.78333	121.2833
8.78333	121.2833
8.78333	121.2833
8.78333	121.2833
8.78333	121.2833
8.78333	121.2833
8.78333	121.2833
8.78333	121.2833
8.78333	121.2833
8.78333	121.2833
12.08333	-61.25
12.08333	-61.25
12.08333	-61.25
12.08333	-61.25
12.08333	-61.25
12.08333	-61.25
12.08333	-61.25
12.08333	-61.25
-23.00305556	166.1494444
36.86667	-74.5667
36.86667	-74.5667
36.86667	-74.5667
36.86667	-74.5667
36.86667	-74.5667
36.86667	-74.5667
36.86667	-74.5667
36.86667	-74.5667
36.86667	-74.5667
36.86667	-74.5667
36.86667	-74.5667
36.86667	-74.5667
36.86667	-74.5667
36.86667	-74.5667
36.86667	-74.5667
36.86667	-74.5667
36.86667	-74.5667
36.86667	-74.5667
36.86667	-74.5667
36.86667	-74.5667
36.86667	-74.5667
36.86667	-74.5667
36.86667	-74.5667
36.86667	-74.5667
36.86667	-74.5667
36.86667	-74.5667
36.86667	-74.5667
36.86667	-74.5667
43	-55
43	-55
43	-55
43	-55
43	-55
43	-55
43	-55
43	-55
43	-55
43	-55
43	-55
43	-55
43	-55
43	-55
43	-55
43	-55
44	-63
44	-63
44	-63
44	-63
44	-63
44	-63
44	-63
44	-63
44	-63
44	-63
44	-63
44	-63
44	-63
44	-63
44	-63
44	-63
44	-63
44	-63
44	-63
44	-63
44	-63
44	-63
44	-63
44	-63
44	-63
44	-63
44.39	10.05
44.39	10.05
44.39	10.05
44.39	10.05
44.39	10.05
44.39	10.05
44.39	10.05
44.39	10.05
44.39	10.05
44.39	10.05
44.36	10.12
44.36	10.12
44.36	10.12
44.36	10.12
-36.9175	177.4342
-36.9175	177.4342
-36.9175	177.4342
-36.9175	177.4342
2.66667	78
2.66667	78
2.66667	78
2.66667	78
10.9775	74.999333
10.9775	74.999333
10.9775	74.999333
10.9775	74.999333
10.9775	74.999333
10.9775	74.999333
10.9775	74.999333
10.9775	74.999333
10.9775	74.999333
10.9775	74.999333
10.9775	74.999333
10.9775	74.999333
10.9775	74.999333
12.75	-78.73333
12.75	-78.73333
12.75	-78.73333
11.56667	-78.41667
11.56667	-78.41667
12.75	-78.73333333
12.75	-78.73333333
12.75	-78.73333333
12.75	-78.73333333
12.75	-78.73333333
24.32683333	-83.25233333
24.32683333	-83.25233333
24.32683333	-83.25233333
24.4117	-83.219
24.4117	-83.219
24.4117	-83.219
24.4117	-83.219
24.4117	-83.219
24.4117	-83.219
24.4117	-83.219
24.4117	-83.219
24.4117	-83.219
24.4117	-83.219
24.4117	-83.219
24.4117	-83.219
24.4117	-83.219
24.4117	-83.219
24.4117	-83.219
24.4117	-83.219
24.4117	-83.219
24.4117	-83.219
24.4117	-83.219
24.4117	-83.219
24.4117	-83.219
24.4117	-83.219
24.4117	-83.219
24.4117	-83.219
24.4117	-83.219
24.4117	-83.219
24.4117	-83.219
24.4117	-83.219
24.4117	-83.219
24.4117	-83.219
24.4117	-83.219
24.4117	-83.219
24.4117	-83.219
24.4117	-83.219
24.4117	-83.219
24.4117	-83.219
24.4117	-83.219
24.4117	-83.219
24.4117	-83.219
24.4117	-83.219
24.4117	-83.219
-6.58167	10.31833
-11.76722	11.68167
-11.76722	11.68167
-20.10333	9.185
-20.10333	9.185
-20.10333	9.185
-64.86194	-64.2
-64.86194	-64.2
-64.86194	-64.2
-64.86194	-64.2
-64.86194	-64.2
-64.86194	-64.2
-64.86194	-64.2
-64.86194	-64.2
-64.86194	-64.2
-64.86194	-64.2
-64.86194	-64.2
-64.86194	-64.2
-64.86194	-64.2
-64.86194	-64.2
-45.075	179.4983
-44.53333	179.5
-45.15	146.2833
-45.15	146.2833
-45.15	146.2833
-45.15	146.2833
-47.75	145.8167
-47.75	145.8167
-44.53333	149.05
-44.53333	149.05
66.62556	-23.85278
66.62556	-23.85278
66.62556	-23.85278
66.62556	-23.85278
66.62556	-23.85278
66.62556	-23.85278
66.62556	-23.85278
66.62556	-23.85278
66.62556	-23.85278
66.62556	-23.85278
66.62556	-23.85278
66.62556	-23.85278
66.62556	-23.85278
66.62556	-23.85278
66.62556	-23.85278
66.62556	-23.85278
66.62556	-23.85278
66.62556	-23.85278
66.62556	-23.85278
66.62556	-23.85278
66.62556	-23.85278
66.62556	-23.85278
66.62556	-23.85278
66.62556	-23.85278
66.62556	-23.85278
66.62556	-23.85278
66.62556	-23.85278
66.62556	-23.85278
66.62556	-23.85278
66.62556	-23.85278
66.62556	-23.85278
66.62556	-23.85278
66.62556	-23.85278
66.62556	-23.85278
66.62556	-23.85278
66.62556	-23.85278
66.62556	-23.85278
66.62556	-23.85278
66.62556	-23.85278
66.62556	-23.85278
66.62556	-23.85278
66.62556	-23.85278
66.62556	-23.85278
66.62556	-23.85278
66.62556	-23.85278
66.62556	-23.85278
66.62556	-23.85278
66.62556	-23.85278
66.62556	-23.85278
66.62556	-23.85278
66.62556	-23.85278
66.62556	-23.85278
66.62556	-23.85278
66.62556	-23.85278
66.62556	-23.85278
66.62556	-23.85278
66.62556	-23.85278
66.62556	-23.85278
66.62556	-23.85278
66.62556	-23.85278
66.62556	-23.85278
66.62556	-23.85278
66.62556	-23.85278
66.62556	-23.85278
6.63528	113.4094
6.63528	113.4094
6.63528	113.4094
6.63528	113.4094
6.63528	113.4094
6.63528	113.4094
6.63528	113.4094
6.63528	113.4094
6.63528	113.4094
-10.59194	125.3881
-10.59194	125.3881
-10.59194	125.3881
-10.59194	125.3881
-10.59194	125.3881
-10.59194	125.3881
-10.59194	125.3881
-10.59194	125.3881
-5.00306	133.4447
-5.00306	133.4447
-5.00306	133.4447
-5.00306	133.4447
-5.00306	133.4447
-5.00306	133.4447
-5.00306	133.4447
-5.00306	133.4447
-5.00306	133.4447
-5.00306	133.4447
-5.00306	133.4447
-5.00306	133.4447
-5.00306	133.4447
-5.00306	133.4447
-5.00306	133.4447
-5.00306	133.4447
-5.00306	133.4447
-5.00306	133.4447
-5.00306	133.4447
-5.00306	133.4447
-5.00306	133.4447
-5.00306	133.4447
-5.00306	133.4447
-5.00306	133.4447
-5.00306	133.4447
-5.00306	133.4447
-5.00306	133.4447
-5.00306	133.4447
-5.00306	133.4447
-5.00306	133.4447
-5.00306	133.4447
-5.00306	133.4447
6.3	125.8333
6.3	125.8333
6.3	125.8333
6.3	125.8333
6.3	125.8333
6.3	125.8333
6.3	125.8333
6.3	125.8333
6.3	125.8333
6.3	125.8333
6.3	125.8333
6.3	125.8333
6.3	125.8333
6.3	125.8333
6.3	125.8333
6.3	125.8333
6.3	125.8333
6.3	125.8333
6.3	125.8333
6.3	125.8333
6.3	125.8333
6.3	125.8333
6.3	125.8333
6.3	125.8333
6.3	125.8333
6.3	125.8333
6.3	125.8333
6.3	125.8333
6.3	125.8333
6.3	125.8333
6.3	125.8333
6.3	125.8333
6.3	125.8333
6.3	125.8333
6.3	125.8333
6.3	125.8333
28.01361	127.0164
28.01361	127.0164
28.01361	127.0164
28.01361	127.0164
28.01361	127.0164
28.01361	127.0164
28.01361	127.0164
28.01361	127.0164
28.01361	127.0164
28.01361	127.0164
28.01361	127.0164
28.01361	127.0164
28.01361	127.0164
28.01361	127.0164
62.09056	-17.81972
62.09056	-17.81972
62.09056	-17.81972
62.09056	-17.81972
62.09056	-17.81972
62.09056	-17.81972
62.09056	-17.81972
62.09056	-17.81972
62.09056	-17.81972
62.09056	-17.81972
62.09056	-17.81972
62.09056	-17.81972
62.09056	-17.81972
-6.713783333	29.83261667
-6.713783333	29.83261667
-6.713783333	29.83261667
-6.713783333	29.83261667
-6.713783333	29.83261667
-6.713783333	29.83261667
-6.713783333	29.83261667
-6.713783333	29.83261667
-6.713783333	29.83261667
-6.713783333	29.83261667
-6.713783333	29.83261667
11.955	44.3
11.955	44.3
11.955	44.3
11.955	44.3
11.955	44.3
11.955	44.3
11.955	44.3
11.955	44.3
11.955	44.3
11.955	44.3
11.955	44.3
11.955	44.3
11.955	44.3
11.955	44.3
11.955	44.3
11.955	44.3
11.955	44.3
11.955	44.3
11.955	44.3
11.955	44.3
11.955	44.3
11.955	44.3
11.955	44.3
11.955	44.3
11.955	44.3
11.955	44.3
11.955	44.3
11.955	44.3
11.955	44.3
12.15	44.4
12.15	44.4
8.633135	-79.029118
8.633135	-79.029118
8.633135	-79.029118
8.633135	-79.029118
8.633135	-79.029118
8.633135	-79.029118
-26.117	161.2267
-77.3169	39.7033
-77.3169	39.7033
-77.3169	39.7033
-77.3169	39.7033
-77.3169	39.7033
-77.3169	39.7033
-77.3169	39.7033
-77.3169	39.7033
-77.3169	39.7033
-77.3169	39.7033
-77.3169	39.7033
-77.3169	39.7033
-77.3169	39.7033
-77.3169	39.7033
-77.3169	39.7033
-77.3169	39.7033
-77.3169	39.7033
-77.3169	39.7033
-77.3169	39.7033
-77.3169	39.7033
64.2572	-110.1008
64.2572	-110.1008
64.2572	-110.1008
66.9875	-51.03333333
66.9875	-51.03333333
66.9875	-51.03333333
66.9875	-51.03333333
66.9875	-51.03333333
66.9875	-51.03333333
66.9875	-51.03333333
66.9875	-51.03333333
66.9875	-51.03333333
66.9875	-51.03333333
66.9875	-51.03333333
66.9875	-51.03333333
66.9875	-51.03333333
66.9875	-51.03333333
66.9875	-51.03333333
66.9875	-51.03333333
66.9875	-51.03333333
66.9875	-51.03333333
66.9875	-51.03333333
66.9875	-51.03333333
66.9875	-51.03333333
66.9875	-51.03333333
66.9875	-51.03333333
66.9875	-51.03333333
66.9875	-51.03333333
66.9875	-51.03333333
66.9875	-51.03333333
66.9875	-51.03333333
66.9875	-51.03333333
66.9875	-51.03333333
66.9875	-51.03333333
66.9875	-51.03333333
66.9875	-51.03333333
66.9875	-51.03333333
66.9875	-51.03333333
66.9875	-51.03333333
66.9875	-51.03333333
66.9875	-51.03333333
66.9875	-51.03333333
66.9875	-51.03333333
66.9875	-51.03333333
66.9875	-51.03333333
66.9875	-51.03333333
66.9875	-51.03333333
66.9875	-51.03333333
66.9875	-51.03333333
66.9875	-51.03333333
66.9875	-51.03333333
66.9875	-51.03333333
66.9875	-51.03333333
66.9875	-51.03333333
66.9875	-51.03333333
66.9875	-51.03333333
66.9875	-51.03333333
66.9875	-51.03333333
66.9875	-51.03333333
66.9875	-51.03333333
66.9875	-51.03333333
66.9875	-51.03333333
66.9875	-51.03333333
66.9875	-51.03333333
66.9875	-51.03333333
66.9875	-51.03333333
66.9875	-51.03333333
66.9875	-51.03333333
66.9875	-51.03333333
66.9875	-51.03333333
66.9875	-51.03333333
66.9875	-51.03333333
66.9875	-51.03333333
66.9875	-51.03333333
66.9875	-51.03333333
66.9875	-51.03333333
66.9875	-51.03333333
66.9875	-51.03333333
66.9875	-51.03333333
66.9875	-51.03333333
66.9875	-51.03333333
66.9875	-51.03333333
66.9875	-51.03333333
66.9875	-51.03333333
66.9875	-51.03333333
66.9875	-51.03333333
66.9875	-51.03333333
66.9875	-51.03333333
66.9875	-51.03333333
66.9875	-51.03333333
66.9875	-51.03333333
66.9875	-51.03333333
66.9875	-51.03333333
66.9875	-51.03333333
66.9875	-51.03333333
66.9875	-51.03333333
66.9875	-51.03333333
66.9875	-51.03333333
66.9875	-51.03333333
66.9875	-51.03333333
66.9875	-51.03333333
66.9875	-51.03333333
66.9875	-51.03333333
66.9875	-51.03333333
66.9875	-51.03333333
66.9875	-51.03333333
66.9875	-51.03333333
66.9875	-51.03333333
66.9875	-51.03333333
66.9875	-51.03333333
66.9875	-51.03333333
66.9875	-51.03333333
66.9875	-51.03333333
66.9875	-51.03333333
66.9875	-51.03333333
66.9875	-51.03333333
66.9875	-51.03333333
66.9875	-51.03333333
66.9875	-51.03333333
66.9875	-51.03333333
66.9875	-51.03333333
66.9875	-51.03333333
66.9875	-51.03333333
66.9875	-51.03333333
66.9875	-51.03333333
66.9875	-51.03333333
66.9875	-51.03333333
66.9875	-51.03333333
66.9875	-51.03333333
66.9875	-51.03333333
66.9875	-51.03333333
66.9875	-51.03333333
66.9875	-51.03333333
66.9875	-51.03333333
66.9875	-51.03333333
66.9875	-51.03333333
66.9875	-51.03333333
66.9875	-51.03333333
66.9875	-51.03333333
66.9875	-51.03333333
66.9875	-51.03333333
66.9875	-51.03333333
66.9875	-51.03333333
66.9875	-51.03333333
66.9875	-51.03333333
66.9875	-51.03333333
66.9875	-51.03333333
66.9875	-51.03333333
66.9875	-51.03333333
66.9875	-51.03333333
66.9875	-51.03333333
66.9875	-51.03333333
66.9875	-51.03333333
66.9875	-51.03333333
66.9875	-51.03333333
66.9875	-51.03333333
66.9875	-51.03333333
66.9875	-51.03333333
66.9875	-51.03333333
66.9875	-51.03333333
66.9875	-51.03333333
66.9875	-51.03333333
66.9875	-51.03333333
66.9875	-51.03333333
66.9875	-51.03333333
66.9875	-51.03333333
66.9875	-51.03333333
66.9875	-51.03333333
66.9875	-51.03333333
66.9875	-51.03333333
66.9875	-51.03333333
66.9875	-51.03333333
66.9875	-51.03333333
66.9875	-51.03333333
66.9875	-51.03333333
66.9875	-51.03333333
66.9875	-51.03333333
66.9875	-51.03333333
66.9875	-51.03333333
66.9875	-51.03333333
66.9875	-51.03333333
66.9875	-51.03333333
66.9875	-51.03333333
66.9875	-51.03333333
66.9875	-51.03333333
66.9875	-51.03333333
66.9875	-51.03333333
66.9875	-51.03333333
66.9875	-51.03333333
66.9875	-51.03333333
66.9875	-51.03333333
66.9875	-51.03333333
66.9875	-51.03333333
66.9875	-51.03333333
66.9875	-51.03333333
66.9875	-51.03333333
66.9875	-51.03333333
66.9875	-51.03333333
66.9875	-51.03333333
66.9875	-51.03333333
66.9875	-51.03333333
66.9875	-51.03333333
66.9875	-51.03333333
66.9875	-51.03333333
66.9875	-51.03333333
66.9875	-51.03333333
66.9875	-51.03333333
66.9875	-51.03333333
66.9875	-51.03333333
66.9875	-51.03333333
66.9875	-51.03333333
66.9875	-51.03333333
66.9875	-51.03333333
66.9875	-51.03333333
66.9875	-51.03333333
66.9875	-51.03333333
66.9875	-51.03333333
66.9875	-51.03333333
66.9875	-51.03333333
-41.58333	-171.5
-41.58333	-171.5
-45.52361	-174.9481
-45.52361	-174.9481
-45.995	172.025
-45.995	172.025
-40.39667	177.9967
-40.39667	177.9967
-45.075	179.4983
-45.075	179.4983
20.053	117.419
20.053	117.419
20.053	117.419
-5.58833	11.22167
-5.58833	11.22167
-5.58833	11.22167
-5.58833	11.22167
-5.58833	11.22167
-5.58833	11.22167
-5.58833	11.22167
-5.58833	11.22167
-5.58833	11.22167
-5.58833	11.22167
-5.58833	11.22167
-5.58833	11.22167
-5.58833	11.22167
-5.58833	11.22167
-5.58833	11.22167
2.5	9.384
2.5	9.384
2.5	9.384
2.5	9.384
2.5	9.384
2.5	9.384
2.5	9.384
2.5	9.384
2.5	9.384
2.5	9.384
2.5	9.384
2.5	9.384
2.5	9.384
2.5	9.384
-4.613333333	-36.63666667
-4.613333333	-36.63666667
-4.613333333	-36.63666667
-4.613333333	-36.63666667
-4.613333333	-36.63666667
-4.613333333	-36.63666667
-4.613333333	-36.63666667
-4.613333333	-36.63666667
-4.613333333	-36.63666667
-4.613333333	-36.63666667
-4.613333333	-36.63666667
2.50194	9.39472
2.50194	9.39472
2.50194	9.39472
2.50194	9.39472
2.50194	9.39472
2.50194	9.39472
2.50194	9.39472
2.50194	9.39472
2.50194	9.39472
2.50194	9.39472
2.50194	9.39472
2.50194	9.39472
2.50194	9.39472
2.50194	9.39472
2.50194	9.39472
2.50194	9.39472
2.50194	9.39472
2.50194	9.39472
2.50194	9.39472
2.50194	9.39472
2.50194	9.39472
2.50194	9.39472
2.50194	9.39472
2.50194	9.39472
2.50194	9.39472
2.50194	9.39472
2.50194	9.39472
2.50194	9.39472
2.50194	9.39472
2.50194	9.39472
2.50194	9.39472
2.50194	9.39472
2.50194	9.39472
2.50194	9.39472
2.50194	9.39472
2.50194	9.39472
2.50194	9.39472
2.50194	9.39472
2.50194	9.39472
2.50194	9.39472
2.50194	9.39472
2.50194	9.39472
2.50194	9.39472
2.50194	9.39472
2.50194	9.39472
2.50194	9.39472
2.50194	9.39472
2.50194	9.39472
2.50194	9.39472
-18.5525	37.36688
-18.5525	37.36688
-18.5525	37.36688
-18.5525	37.36688
-18.5525	37.36688
-18.5525	37.36688
-18.5525	37.36688
-19.203	37.04694
-19.203	37.04694
-19.203	37.04694
-19.203	37.04694
-19.203	37.04694
-19.203	37.04694
-19.203	37.04694
-19.203	37.04694
-19.203	37.04694
-19.203	37.04694
-19.203	37.04694
-19.203	37.04694
-19.203	37.04694
-19.203	37.04694
36.01667	141.7833
36.01667	141.7833
32.8	-118.9
32.8	-118.9
34.53333	-122.2833
34.53333	-122.2833
19	-20.16667
19	-20.16667
19	-20.16667
20.75	-18.58333
20.75	-18.58333
20.75	-18.58333
20.75	-18.58333
20.75	-18.58333
20.75	-18.58333
20.75	-18.58333
20.75	-18.58333
20.75	-18.58333
20.75	-18.58333
20.75	-18.58333
20.75	-18.58333
20.75	-18.58333
20.75	-18.58333
20.75	-18.58333
20.75	-18.58333
20.75	-18.58333
20.75	-18.58333
20.75	-18.58333
20.75	-18.58333
20.75	-18.58333
